1000000
1037587
1054682
1061933
1083616
1083960
1084666
1088859
1089192
1089378
1089450
1089451
1089660
1089835
1089891
1089911
1089965
1090142
1090143
1090183
1090253
1090308
1090354
1090554
1090675
1090710
1090736
1090749
1091038
1091637
1091639
1091647
1091648
1091669
1091680
1091724
2000000
2001224
2001305
2002072
2002441
2003543
2003566
2005371
2008251
2009369
2010571
2010928
2010971
2013630
2013665
2013863
2017263
2017590
2018798
2024208
2025407
2033976
2070559
2084826
2086657
2086691
2092605
2098417
2102921
2113436
2117126
2119255
2120210
2120278
2120490
2121025
2124285
2124684
2124814
2127039
2127056
2127101
2127104
2127129
2127130
2127131
2127259
2127284
2127324
2127337
2127429
2128204
2128231
2128323
2128327
2128360
2128390
2128391
2128429
2128439
2128441
2128505
2128553
2128555
2128556
2128607
2128647
2128690
2128708
2128717
2128726
2128727
2128733
2128766
2128884
2128905
2128908
2128909
2128910
2128914
2128935
2128937
2128953
2128970
2128977
2128995
2129011
2129017
2129026
2129027
2129044
2129056
2129079
2129095
2129098
2129115
2129118
2129119
2129140
2129154
2129155
2129167
2129168
2129171
2129176
2129183
2129204
2129205
2129206
2129207
2129208
2129209
2129210
2129211
2129212
2129213
2129230
2129246
2129249
2129250
2129261
2129267
2129268
2129270
2129271
2129282
2129308
2129309
2129326
2129342
2129357
2129358
2129368
2129384
2129390
2129406
2129408
2129466
2129467
2129668
2129702
2129719
2130369
2130370
2130390
2130453
2130480
2130601
2130640
2130670
2130768
3000000
3000179
3000556
3039356
3039905
3041618
3044163
3047821
3048184
3048198
3049618
3054898
3057467
3077905
3084861
3094596
3118533
3144060
3189580
3251772
3251778
3252462
3324687
3326478
3326569
3327047
3327531
3328301
3329546
3336201
3337899
3341825
3346238
3392571
3393652
3395434
3397100
3397101
3397135
3397264
3398205
3400412
3413699
3413736
3413737
3413778
3413779
3413938
3413940
3413941
3414017
3414036
3414048
3416956
3418166
3418179
3418180
3418188
3418421
3418432
3421372
3421374
3421386
3421640
3421880
3421884
3421885
3421886
3421887
3421888
3421889
3421890
3421891
3421892
3421893
3421894
3421895
3421896
3421897
3421898
3421899
3421900
3421901
3421902
3421903
3421904
3421905
3421906
3421907
3421908
3421909
3421910
3421911
3421912
3421913
3421914
3421915
3421916
3421917
3421918
3421919
3421920
3421921
3421922
3421923
3421924
3422546
3423863
3424222
3424494
3424502
3424559
3424570
3424573
3424614
3424763
3425086
3425087
3425088
3425093
3425174
3425177
3425182
3425325
3425596
3425715
3425900
3425901
3426094
3426189
3426244
3426345
3426584
3426797
3427011
3427017
3427018
3427077
3427356
3427387
3428606
3428616
3428633
3428706
3428961
3429039
3429067
3429148
3429179
3429520
3429686
4000000
4052715
4210033
4213995
4232360
4266168
4297960
4298300
4442434
4554538
4607280
4607281
4607300
4607744
4607925
4615173
4617165
4617186
4617504
4617904
4617912
4617913
4618244
4618318
4618345
4618927
4619442
4619475
4619735
4619746
4619856
4620755
4620871
4622929
4624027
5000000
5054291
5054292
5055087
5105839
5105873
5166394
5171901