1000000
1012275
1030422
1052673
1060632
1076207
1087037
1090762
1090815
1091000
1091035
1091038
1091040
1091579
1091581
1091600
1091604
1091647
1091675
1091703
1091774
2000000
2001084
2001293
2001531
2005279
2007211
2007212
2007236
2007238
2007803
2008070
2008235
2008345
2008464
2008481
2008515
2008565
2008677
2010971
2011408
2012504
2012525
2012657
2013364
2013917
2014244
2014823
2015133
2015354
2015388
2015801
2016339
2016340
2016341
2017263
2017287
2018497
2022128
2024208
2042235
2042240
2055725
2064641
2091997
2092479
2092605
2099635
2113436
2115530
2120490
2127053
2128521
2128884
2128940
2129070
2129132
2129137
2129160
2129204
2129205
2129206
2129207
2129208
2129209
2129210
2129211
2129212
2129230
2129313
2129375
2129384
2129467
2129621
2129641
2129642
2129647
2129651
2129653
2129657
2129658
2129659
2129660
2129661
2129665
2129666
2129667
2129668
2129670
2129674
2129676
2129677
2129679
2129680
2129681
2129682
2129683
2129684
2129685
2129686
2129687
2129688
2129689
2129690
2129693
2129695
2129696
2129698
2129701
2129714
2129717
2129718
2129722
2129723
2129728
2130365
2130396
2130430
2130470
2130545
2130549
2130551
2130552
2130595
2130623
2130635
2130636
2130639
2130650
2130659
2130660
2130670
2130690
2130748
2130763
2130820
2130883
2130895
3000000
3002107
3010094
3024085
3029644
3036908
3038957
3044163
3048075
3048184
3048525
3053844
3055424
3067546
3067912
3068278
3071063
3071329
3071866
3073106
3076032
3081733
3083402
3084226
3088675
3108299
3109420
3109443
3110834
3114056
3114069
3116214
3117838
3119670
3178563
3179617
3181613
3182580
3205005
3207054
3239752
3242302
3244263
3254241
3323539
3323647
3325886
3328167
3332256
3388089
3394657
3401198
3421424
3423163
3424509
3425049
3425087
3425088
3425663
3425679
3425920
3425974
3426244
3426256
3426408
3426435
3426817
3427297
3427334
3427349
3427357
3427362
3427363
3427364
3427369
3427372
3427373
3427387
3428571
3428595
3428601
3428606
3428618
3428623
3428749
3428754
3428811
3428846
3428849
3428876
3428888
3428907
3428937
3428961
3429008
3429036
3429049
3429051
3429074
3429096
3429148
3429170
3429174
3429236
3429283
3429316
3429339
3429344
3429355
3429436
3429469
3429686
3429692
3429695
4000000
4000694
4003849
4004829
4006900
4007869
4010087
4030858
4037468
4042651
4042655
4043689
4044831
4044832
4050957
4050958
4183700
4188499
4270383
4310504
4431610
4436763
4531227
4539499
4602879
4607559
4607819
4617726
4617904
4617912
4618175
4618650
4619386
4619680
4619681
4619682
4619683
4619684
4619685
4619734
4620755
4620899
4620901
4620904
4620917
4622929
4623384
4623445
4623447
4623448
4623596
4623654
4623824
4624027
5174441
